4294967278,376
4294967279,572
4294967278,375
4294967279,571
4294967278,374
4294967279,570
4294967279,569
4294967278,373
4294967278,372
4294967279,568
4294967278,371
4294967279,567
4294967278,370
4294967278,369
4294967279,566
4294967278,368
4294967279,565
4294967278,367
4294967279,564
4294967279,563
4294967279,562
4294967278,366
4294967279,561
4294967278,365
4294967279,560
4294967279,559
4294967278,364
4294967279,558
4294967278,363
4294967279,557
4294967279,556
4294967278,362
4294967278,361
15,15
4294967278,360
4294967279,555
4294967278,359
4294967279,554
4294967278,358
4294967278,357
4294967279,553
4294967278,356
4294967278,355
4294967278,354
4294967278,353
4294967279,552
4294967278,352
4294967278,351
4294967279,551
4294967278,350
4294967278,349
4294967279,550
4294967278,348
4294967279,549
4294967279,548
4294967278,347
4294967278,346
4294967278,345
4294967279,547
4294967278,344
4294967279,546
4294967278,343
4294967278,342
4294967279,545
4294967278,341
4294967279,544
4294967278,340
15,14
4294967278,339
4294967279,543
4294967279,542
4294967279,541
4294967278,338
4294967279,540
4294967278,337
15,13
4294967279,539
4294967279,538
4294967279,537
4294967279,536
4294967278,336
4294967279,535
4294967278,335
4294967278,334
4294967278,333
15,12
4294967279,534
4294967278,332
4294967278,331
4294967278,330
4294967279,533
4294967278,329
4294967279,532
4294967278,328
4294967278,327
4294967279,531
4294967279,530
4294967279,529
4294967279,528
4294967279,527
4294967278,326
4294967279,526
15,11
4294967279,525
4294967279,524
4294967279,523
4294967279,522
4294967278,325
4294967278,324
4294967294,1432
77,5
77,4
77,3
77,2
77,1
77,0
4294967294,498
4294967294,497
76,4
76,3
76,2
76,1
76,0
75,5
75,4
75,3
75,2
75,1
75,0
4294967294,1431
4294967294,1421
4294967278,323
4294967279,521
74,4
74,3
74,2
74,1
74,0
4294967279,520
4294967294,496
4294967278,322
73,4
73,3
73,2
73,1
73,0
4294967279,519
72,8
72,7
72,6
72,5
72,4
72,3
72,2
72,1
72,0
71,4
71,3
71,2
71,1
71,0
4294967279,518
70,4
70,3
70,2
70,1
70,0
4294967279,517
69,6
69,5
69,4
69,3
69,2
69,1
69,0
68,6
68,5
68,4
68,3
68,2
68,1
68,0
4294967294,495
4294967278,321
67,8
67,7
67,6
67,5
67,4
67,3
67,2
67,1
67,0
4294967279,516
4294967294,494
4294967279,515
66,8
66,7
66,6
66,5
66,4
66,3
66,2
66,1
66,0
4294967279,514
4294967294,1430
4294967278,320
4294967279,513
65,4
65,3
65,2
65,1
65,0
4294967279,512
64,4
64,3
64,2
64,1
64,0
63,4
63,3
63,2
63,1
63,0
4294967279,319
62,6
62,5
62,4
62,3
62,2
62,1
62,0
4294967279,318
4294967294,1429
4294967294,1428
4294967294,51
4294967294,493
4294967294,1427
61,16
61,15
61,14
61,13
61,12
61,11
61,10
61,9
61,8
61,7
61,6
61,5
61,4
61,3
61,2
61,1
61,0
4294967294,1426
4294967294,1417
4294967294,492
60,7
60,6
60,5
60,4
60,3
60,2
60,1
60,0
4294967278,319
4294967278,318
59,7
59,6
59,5
59,4
59,3
59,2
59,1
59,0
4294967294,491
58,11
58,10
58,9
58,8
58,7
58,6
58,5
58,4
58,3
58,2
58,1
58,0
4294967278,317
4294967294,1425
4294967294,1424
4294967294,429
4294967294,490
4294967294,489
57,7
57,6
57,5
57,4
57,3
57,2
57,1
57,0
4294967279,317
4294967294,1423
4294967294,1143
56,4
56,3
56,2
56,1
56,0
4294967279,316
55,6
55,5
55,4
55,3
55,2
55,1
55,0
4294967294,488
4294967294,487
54,5
54,4
54,3
54,2
54,1
54,0
4294967278,316
53,4
53,3
53,2
53,1
53,0
4294967278,315
4294967294,486
4294967278,314
52,4
52,3
52,2
52,1
52,0
4294967294,1422
4294967294,902
51,4
51,3
51,2
51,1
51,0
4294967278,313
4294967294,1420
50,11
50,10
50,9
50,8
50,7
50,6
50,5
50,4
50,3
50,2
50,1
50,0
4294967294,485
4294967294,484
49,4
49,3
49,2
49,1
49,0
48,7
48,6
48,5
48,4
48,3
48,2
48,1
48,0
4294967278,312
4294967294,1419
4294967294,413
47,4
47,3
47,2
47,1
47,0
4294967278,311
46,5
46,4
46,3
46,2
46,1
46,0
4294967294,1418
45,5
45,4
45,3
45,2
45,1
45,0
4294967278,310
4294967294,483
4294967279,315
4294967278,309
44,11
44,10
44,9
44,8
44,7
44,6
44,5
44,4
44,3
44,2
44,1
44,0
4294967279,314
4294967294,1151
4294967294,482
43,8
43,7
43,6
43,5
43,4
43,3
43,2
43,1
43,0
4294967279,313
42,5
42,4
42,3
42,2
42,1
42,0
4294967294,481
4294967279,312
4294967278,308
41,6
41,5
41,4
41,3
41,2
41,1
41,0
4294967278,307
40,8
40,7
40,6
40,5
40,4
40,3
40,2
40,1
40,0
4294967278,306
4294967294,1416
